Health,100
Walk,0.033
HorzJumpSpeed,0.0238
HurtBox,0.55,0.0,0.3,1.0
HurtBoxCrouch,0.5,0.0,0.4,0.8
Punch,15,30,1.0,0.75,0.1,0.1,None,1,0.0,0.0,3,10,1,0,0,0
Kick,15,30,0.9,0.5,0.4,0.1,None,1,0.0,0.0,3,10,1,0,0,0
CrouchPunch,15,30,0.9,0.8,0.1,0.15,None,1,0.0,0.0,3,10,1,0,0,0
CrouchKick,15,30,1.1,0.05,0.1,0.2,None,0,0.0,0.0,3,10,1,0,0,0
Throw,60,60,0.9,0.0,0.2,1.0,None,1,0.0,0.0,3,10,1,0,1,1
NeutralSpecial,15,30,1.0,0.9,0.2,0.2,Levitate,1,0.01,0.0,200,10,0,0,0,0,None
ForwardSpecial,15,30,1.0,0.7,0.3,0.1,Firebolt,1,0.035,0.0,100,10,0,0,0,0,None
DownSpecial,15,30,1.0,0.0,0.3,0.3,MoldEarth,1,0.0,0.0,200,10,0,0,0,0,None