Health,100
Walk,0.04
HorzJumpSpeed,0.0238
HurtBox,0.55,0.0,0.3,1.0
HurtBoxCrouch,0.5,0.0,0.4,0.8
Punch,15,30,1.0,0.55,0.3,0.2,None,1,0.0,0.0,3,10,1,0,0,0
Kick,15,30,0.9,0.4,0.4,0.1,None,1,0.0,0.0,3,10,1,0,0,0
CrouchPunch,15,30,0.8,0.8,0.2,0.2,None,1,0.0,0.0,3,10,1,0,0,0
CrouchKick,15,30,1.0,0.05,0.1,0.2,None,0,0.0,0.0,3,10,1,0,0,0
Throw,60,60,0.9,0.0,0.2,1.0,None,1,0.0,0.0,3,10,1,0,1,1
NeutralSpecial,15,30,1.0,0.7,0.3,0.05,ArrowSide,1,0.035,0.0,200,10,0,0,0,0,None
ForwardSpecial,15,30,0.9,0.8,0.2,0.2,ArrowUp,1,0.02,0.02,100,10,0,0,0,0,None
DownSpecial,15,0,0.0,0.0,0.0,0.0,None,1,0.0,0.0,200,0,0,0,0,0,Sneak