Health,100
SpriteHeight,1.2f
Walk,0.033
HorzJumpSpeed,0.0238
HurtBox,0.45,0.0,0.4,1.1
HurtBoxCrouch,0.5,0.0,0.4,0.9
Punch,15,30,0.8,0.6,0.6,0.1,None,1,0.0,0.0,3,10,1,0,0,0
Kick,15,30,0.9,0.5,0.4,0.1,None,1,0.0,0.0,3,10,1,0,0,0
CrouchPunch,15,30,0.9,0.8,0.1,0.35,None,1,0.0,0.0,3,10,1,0,0,0
CrouchKick,15,30,1.1,0.05,0.25,0.2,None,0,0.0,0.0,3,10,1,0,0,0
Throw,60,60,0.9,0.0,0.2,1.0,None,1,0.0,0.0,3,10,1,0,1,1
NeutralSpecial,15,30,1.0,0.9,0.2,0.2,Frank,1,0.03,0.0,200,10,0,0,0,0,None
ForwardSpecial,120,120,1.0,0.7,0.3,0.1,None,1,0.0,0.0,120,10,1,0,0,0,Stinger
DownSpecial,60,30,0.35,0.0,0.6,1.3,None,1,0.0,0.0,60,10,1,0,0,0,DP