Health,100
Walk,0.033
HurtBox,0.1,0.0,0.35,1.0
HurtBoxCrouch,0.1,0.0,0.4,0.8
Punch,15,30,0.6,0.75,0.1,0.1,None,1,0.0,0.0,3,10,1
Kick,15,30,0.5,0.5,0.4,0.1,None,1,0.0,0.0,3,10,1
CrouchPunch,15,30,0.5,0.8,0.1,0.15,None,1,0.0,0.0,3,10,1
CrouchKick,15,30,0.7,0.05,0.1,0.2,None,0,0.0,0.0,3,10,1
Throw,15,30,1.0,1.0,0.1,0.1,None,1,0.0,0.0,3,10,1
NeutralSpecial,15,30,0.6,0.9,0.2,0.2,Levitate,1,0.01,0.0,200,10,0
ForwardSpecial,15,30,0.6,0.75,0.3,0.1,Firebolt,1,0.033,0.0,100,10,0
DownSpecial,15,30,0.6,0.0,0.3,0.3,MoldEarth,1,0.0,0.0,200,10,0